['01/10',  0,0,0],
      ['02/10',  1,0,0],
      ['03/10',  1,1,0],
      ['04/10',  1,1,0],
      ['05/10',  1,1,1],
      ['06/10',  2,1,1],
      ['07/10',  2,1,1],
      ['08/10',  2,1,1],
      ['09/10',  2,1,1],
      ['10/10',  2,2,1],
      ['11/10',  2,3,1],
      ['12/10',  3,3,1],
      ['13/10',  3,4,1],
      ['14/10',  3,4,1],
      ['15/10',  4,4,1],
      ['16/10',  5,4,1],
      ['17/10',  6,4,2],
      ['18/10',  6,5,2],
      ['19/10',  7,5,3],
      ['20/10',  8,5,4],
      ['21/10',  8,6,4],
      ['22/10',  9,6,4],
      ['23/10',  9,6,5],
      ['24/10',  10,6,6],
      ['25/10',  11,6,6],
      ['26/10',  12,6,7],
      ['27/10',  12,7,7],
      ['28/10',  13,7,7],
      ['29/10',  13,8,7],
      ['30/10',  13,9,7],
      ['31/10',  13,9,8],